2
7
12
79
104
107
113
123
143
161
164
175
193
196
210
219
223
227
232
256
271
292
298
313
318
322
377
380
385
387
388
390
402
414
428
431
442
446
451
455
459
498
514
516
540
541
542
546
561
567
581
582
584
592
595
596
604
621
641
671
680
684
698
717
732
734
736
743
749
757
760
767
778
800
819
831
840
850
851
855
903
909
910
917
930
932
938
941
946
957
984
985
998
1033
1054
1086
1094
1106
1107
1111
1124
1132
1135
1146
1195
1196
1210
1233
1236
1259
1272
1277
1283
1300
1301
1308
1339
1368
1377
1418
1431
1476
1478
1481
1504
1533
1559
1567
1585
1642
1664
1666
1711
1772
1780
1785
1811
1830
1832
1880
1898
1905
1909
1921
1924
1937
1942
1961
1971
1983
2000
2007
2019
2031
2052
2059
2069
2071
2072
2080
2094
