73
24
79
18
81
130
25
39
78
192
195
84
134
72
33
1
14
352
16
127
13
102
181
292
187
167
191
386
625
185
387
735
83
184
306
61
21
376
103
74
216
194
296
109
210
389
275
247
182
829
88
15
213
238
91
47
87
309
285
508
824
850
5
49
180
432
234
169
193
86
76
176
304
526
178
90
85
545
177
364
385
179
170
105
30
346
615
611
570
231
121
206
730
1911
321
228
378
541
17
839
308
481
391
311
823
4
7
229
199
299
370
445
693
34
695
20
424
1097
575
203
527
89
23
32
830
393
26
935
75
67
354
724
2
140
601
1252
6
826
1354
1447
512
2726
511
265
1076
319
108
640
741
345
139
209
2349
836
188
249
565
600
183
190
82
848
56
80
1249
200
405
1492
483
825
662
574
608
395
406
1995
186
706
1006
1352
230
201
793
27
1356
1210
396
617
360
69
557
447
1627
1355
1753
642
208
564
742
1754
828
781
1365
719
46
327
242
1534
98
821
500
347
233
1358
641
743
713
727
356
503
2139
626
287
799
141
1286
2115
3375
1538
59
349
1970
996
784
3673
253
1478
1735
1812
409
528
164
22
1353
3577
712
5286
831
232
505
159
1222
2191
202
197
1237
70
2246
120
189
2785
9817
619
2142
757
1727
1368
1495
1372
1100
1096
2068
1445
1539
5818
738
6170
1074
543
1357
2752
8303
12287
889
588
2118
6628
2140
2244
9763
19
12209
1316
6171
9820
855
4328
1023
394
604
1859
702
1098
5819
2700
1348
1833
509
128
2064
3507
507
4449
251
568
408
2805
4847
524
8061
689
885
2525
315
2336
302
1680
1858
955
10534
1099
1722
122
1302
762
2217
6172
6763
8503
3539
8301
1671
514
9819
1351
494
7797
7253
227
415
7996
9
12208
7995
636
10585
92
895
1797
6976
4549
2233
7938
771
297
2511
12029
3536
4356
1889
3242
1032
8670
797
44
4141
842
1102
7252
4952
9821
1955
513
4289
1219
8302
137
4938
144
1198
226
160
245
8497
8304
844
2192
853
4430
9182
1264
1086
9945
207
792
701
3572
5104
11877
1593
8392
3605
3829
8498
9822
3534
9823
3048
758
956
10230
6304
709
198
670
8300
1048
780
801
897
2887
4897
7865
1044
3869
28
849
2938
1373
499
989
8728
1087
3970
10490
737
1040
3588
3541
6450
2137
4258
442
11757
123
1238
8052
1017
7937
9818
3538
371
10559
4052
3537
4955
5532
12218
1228
750
2610
11956
2215
3175
6162
12021
414
1223
3183
1159
535
2784
1530
567
6482
6573
4283
6629
11792
9471
259
1880
835
991
547
9764
794
2143
4397
62
9824
11933
1843
12642
9765
3828
1640
1434
12265
6256
1550
11439
1505
3586
3496
2766
145
252
3810
1682
11791
6645
493
3182
12219
3176
1208
1847
3178
2548
3174
1248
6794
1079
8506
1136
1952
12022
7643
7800
3177
2495
5329
698
1951
3543
3883
7640
4530
3181
1084
3545
2166
8397
124
196
546
3790
6900
3555
8307
3173
2197
7641
8450
9472
3658
658
962
887
2385
8501
3882
3542
11469
11934
4300
4261
1790
1734
8500
10533
2608
957
6576
8508
8505
10691
3547
2006
1322
4711
8504
11614
8308
11798
2138
279
11499
1080
1039
1767
1212
4079
11691
1965
1247
3925
7642
9425
3180
1835
3179
1642
569
7894
368
3184
9473
960
683
2208
1882
9825
2204
12639
6824
963
3552
42
10362
5939
6795
1107
8235
12092
3599
4411
3535
95
8306
3187
2362
71
3651
628
6049
3653
1423
958
425
12041
7188
7895
1387
7255
2458
5693
7644
12220
814
2640
3652
344
961
2692
2199
3554
9431
728
8826
4613
11440
9745
9972
766
12638
907
1771
10110
6796
4523
1273
8711
3775
896
1469
2272
1973
1455
7334
4273
3259
1041
9827
3551
8237
3540
1366
8238
870
607
10537
7286
8499
892
978
899
1972
1870
11738
283
2141
8305
2213
3597
8462
1278
1964
2430
3560
2489
4046
10
4340
3557
3706
4922
9826
147
964
10092
6445
1025
6363
8310
1426
3234
1613
6798
5778
3275
9429
10532
1967
774
9727
8236
358
4620
268
4956
6253
6444
3657
639
3549
4263
2200
9828
696
8048
5010
8015
891
8502
2520
1966
3252
3333
3609
1634
1834
612
3559
3185
3186
2609
318
4721
1532
6483
3779
1323
550
10212
519
12026
1001
2892
7801
1796
3550
2380
1083
3008
3188
8002
5322
1943
2384
4720
2806
343
1424
422
959
2575
7256
3558
661
2850
66
5632
6934
261
9639
3097
9427
1846
1737
11879
2377
11878
10363
9829
2824
7587
537
700
10111
2021
9433
9430
7474
2091
2087
5694
2288
3
3600
330
1956
8572
3807
10138
8161
2638
789
847
901
4928
1842
5009
1646
2092
8116
5076
8573
37
1975
632
1969
8239
12027
4605
4926
4944
1489
3926
3310
3343
501
4774
1968
4116
3244
4102
104
3210
664
4923
8309
12288
6797
3631
2209
1030
2196
5193
2534
1024
936
351
6928
918
9438
8516
1344
8899
1430
1886
9432
10587
3061
3834
5258
1684
2660
1359
4679
795
2056
6213
4953
1554
9262
7040
1845
1026
6128
6853
9952
9953
131
5217
1101
5740
9640
9192
3700
10692
4070
11511
11936
10588
1091
12289
9439
1643
8854
2346
12030
4117
2183
4921
9973
6801
2531
5094
9183
6646
8884
4934
657
4927
5294
4120
10862
11442
1869
1644
2606
4886
2505
3708
7997
2666
8716
5848
6103
1251
919
714
4516
9428
1912
1979
2007
6804
3076
2712
2185
2194
1031
7103
9954
4920
2206
8574
734
3364
2808
542
6485
11512
11692
12032
11899
4915
624
2363
290
7588
4140
9491
3544
9437
11935
8312
1081
8314
8517
1468
8861
8024
388
1486
551
908
11025
243
563
2958
7258
3595
965
4932
9955
291
10259
2280
739
6803
2360
410
2793
2211
4855
4933
2201
9766
1950
633
1279
827
11509
1892
1240
7657
1236
843
4924
301
2479
916
12267
11488
2463
12290
6105
2607
2231
8518
8576
1548
12266
4929
4930
6104
923
8575
6808
1339
10116
9323
3045
1490
1849
2415
854
3004
2998
544
12093
96
7408
1971
1029
562
215
11314
11532
398
6813
2809
1071
6802
736
3831
11613
2009
2010
2734
2885
3924
4925
2668
3929
8577
4943
138
7896
8519
6799
3215
3213
1887
6095
7517
3591
12095
1978
7333
5976
1513
7086
286
6807
6765
2762
2216
8453
262
260
7898
6383
2345
1649
6091
1645
5327
5317
5316
5295
6486
3359
11485
840
1284
10213
1288
1035
495
9435
754
10740
1028
10586
10232
1392
1319
3525
684
1474
2190
966
10590
530
767
1844
8514
2333
968
357
902
4418
4429
967
7869
12291
12534
94
7897
5934
791
4994
11489
2720
2661
1647
12640
8160
4846
165
430
5407
6577
11508
1628
2308
11510
3603
7254
4113
3999
1553
2218
11915
116
2981
9670
3510
8855
2220
3450
2030
9767
6623
595
1986
8730
4301
761
9793
7041
6805
2195
1990
3737
1987
1739
2146
8240
2014
5296
833
845
12028
1089
10591
7251
6981
7000
798
4931
3726
12268
5667
5675
2282
7659
7660
1894
2235
9474
8414
2232
1002
520
6216
515
2398
11513
10386
12094
2205
2796
2203
11687
3212
10393
2278
3568
602
3458
2530
5674
7088
2604
426
1549
4119
8510
1462
723
1648
12641
3312
3237
654
12025
11374
778
11082
1652
8620
1446
12024
3315
783
4316
8729
3366
8582
8578
9436
3049
3968
6925
934
273
2833
7899
3955
269
2472
933
3830
8581
10233
1989
6956
1268
3123
6031
7354
9831
2886
9919
6313
6312
2281
10364
2144
8857
9830
6214
8580
8579
7804
9482
8856
5112
6165
6825
8731
3075
3678
8005
7260
11516
1654
10112
11486
2583
498
5297
3509
4118
3024
6764
510
768
11515
2985
3081
2613
1542
770
773
2088
2186
5129
10589
11517
2637
6997
10695
7191
9440
1551
1552
4722
9449
852
6811
8621
1181
2545
5083
12096
1653
6998
614
8032
11514
1269
496
11518
12043
2580
8315
4041
1902
2284
1072
4317
11519
2283
521
2212
2469
7336
1209
12361
1531
717
7465
2221
6624
8583
4792
1933
3232
6817
12548
10097
6812
6806
12
3378
10096
11520
1655
9444
9445
5328
7189
5533
686
1362
753
11441
5770
11616
8858
5803
4863
5254
3701
3890
399
8333
204
1491
2691
11487
5008
9314
3579
803
3495
635
5218
8951
6360
10394
3022
2044
4013
3832
2274
10620
6263
6257
2371
10365
1250
12170
7803
6164
7864
7862
1218
2457
10392
4589
12056
7920
1045
3265
922
1046
2145
11523
3937
6999
2103
3983
11337
3930
6809
1560
4045
3393
6767
5514
4531
3335
900
4639
12269
10826
10489
747
755
5526
5452
2193
4773
5300
838
832
11501
5075
5033
3397
2694
796
3444
248
3844
6320
2207
11506
3836
12359
2239
4307
241
6579
6563
6571
6546
2276
6488
4311
10261
977
4318
4341
10260
4344
6352
5980
12549
3871
9416
1535
9264
3529
7589
9203
9434
11615
9565
11627
401
8585
8927
8313
1433
1432
412
1658
9475
7490
348
11900
1204
8862
2944
1205
7761
3532
8860
1650
3189
1512
9447
1311
