2
6
7
8
9
10
12
15
18
19
25
27
30
32
36
39
40
45
51
52
53
54
55
56
57
58
59
60
61
62
63
64
65
66
67
68
69
70
71
72
73
75
76
77
80
81
82
84
85
86
88
89
90
91
93
95
96
97
98
99
100
101
103
107
126
151
152
153
154
155
156
157
159
161
162
163
166
167
170
171
172
173
174
175
176
178
180
181
182
183
184
186
187
188
189
190
191
192
193
194
195
196
197
198
199
200
201
202
203
204
205
206
207
208
209
210
211
212
215
216
217
219
220
221
222
223
225
226
227
228
229
230
231
232
233
234
235
236
237
238
239
241
245
246
249
250
251
253
256
257
258
261
262
265
266
267
270
271
276
278
279
283
285
287
288
289
290
291
292
293
294
295
296
297
298
299
300
301
302
304
305
306
307
308
309
310
311
312
313
314
315
316
317
318
320
321
322
323
324
325
326
327
328
329
330
331
332
333
334
340
342
344
346
349
350
352
354
355
356
357
359
360
362
364
366
367
369
370
371
374
375
376
377
378
379
380
383
386
388
389
390
393
396
397
399
400
403
405
407
408
409
412
413
416
418
419
420
421
422
423
424
425
426
427
428
429
430
432
433
434
436
437
438
439
440
441
443
444
445
447
450
453
454
455
456
457
458
459
460
461
462
463
464
465
466
467
468
469
470
471
472
474
475
476
479
481
482
484
485
486
487
488
489
490
491
492
493
494
495
496
497
498
499
500
501
502
503
504
506
507
510
511
512
514
515
516
517
518
519
521
522
523
524
525
526
527
528
530
531
532
533
534
535
536
537
538
539
540
541
542
543
544
545
546
547
548
554
562
565
567
569
570
572
575
576
578
580
581
583
585
592
599
601
602
603
604
605
606
607
609
610
612
614
615
616
617
618
619
620
621
622
627
629
630
631
632
635
637
638
640
641
644
646
652
660
669
674
679
680
681
682
683
686
687
689
690
691
693
694
696
697
699
701
703
704
705
706
707
708
709
710
712
714
715
716
717
718
720
722
724
726
727
728
730
732
733
734
735
737
744
747
748
754
755
756
757
758
759
763
768
769
770
772
774
777
778
779
782
785
786
787
789
790
791
792
793
794
797
798
802
804
805
806
807
808
809
810
811
812
813
814
815
816
818
820
821
823
824
825
830
831
832
834
835
837
839
840
841
842
843
845
846
850
851
852
854
856
857
858
859
860
861
862
863
864
867
868
871
874
875
877
878
879
880
881
885
886
889
890
891
892
895
896
898
899
900
901
903
905
906
907
908
909
910
911
912
913
915
917
918
919
920
922
923
924
928
930
932
936
937
942
943
944
945
946
947
949
951
952
953
954
955
956
957
959
961
962
963
964
965
966
967
968
969
970
971
972
975
977
978
980
981
982
985
986
989
991
993
994
997
998
999
1000
1001
1004
1009
1013
1014
1019
1021
1032
1034
1035
1037
1038
1040
1041
1042
1043
1044
1045
1046
1047
1048
1051
1052
1054
1055
1057
1059
1061
1062
1064
1066
1067
1069
1072
1073
1075
1076
1079
1081
1083
1084
1085
1089
1090
1091
1092
1093
1094
1096
1097
1098
1099
1100
1103
1104
1105
1106
1109
1110
1111
1112
1113
1114
1116
1117
1118
1119
1121
1122
1123
1126
1130
1131
1132
1134
1135
1143
1145
1146
1147
1148
1150
1151
1155
1156
1159
1163
1164
1167
1179
1180
1181
1182
1183
1184
1185
1186
1187
1188
1189
1190
1191
1192
1193
1194
1195
1196
1197
1198
1200
1201
1202
1203
1204
1206
1213
1216
1222
1226
1231
1239
1240
1241
1242
1243
1244
1246
1249
1253
1257
1259
1260
1261
1263
1264
1270
1274
1276
1277
1281
1292
1295
1297
1298
1299
1300
1303
1306
1332
1337
1338
1339
1342
1343
1344
1347
1348
1349
1350
1351
1353
1358
1360
1364
1366
1369
1372
1374
1375
1376
1377
1378
1379
1380
1383
1384
1385
1389
1390
1394
1396
1397
1398
1399
1400
1401
1402
1404
1405
1406
1409
1410
1411
1412
1413
1414
1415
1416
1418
1423
1424
1425
1426
1427
1428
1429
1432
1433
1438
1441
1443
1444
1447
1449
1450
1451
1452
1453
1455
1456
1457
1458
1459
1461
1463
1464
1465
1469
1470
1475
1481
1485
1486
1489
1491
1502
1503
1504
1505
1510
1511
1512
1513
1515
1517
1518
1519
1520
1521
1522
1527
1528
1533
1534
1535
1541
1543
1545
1547
1551
1553
1555
1556
1557
1568
1580
1590
1595
1596
1601
1602
1609
1613
1614
1620
1622
1627
1632
1633
1636
1639
1640
1641
1643
1645
1650
1652
1654
1659
1660
1666
1670
1672
1673
1678
1681
1684
1686
1688
1689
1694
1696
1700
1703
1704
1705
1706
1707
1708
1709
1710
1711
1712
1713
1714
1718
1725
1726
1727
1729
1731
1732
1738
1745
1747
1755
1760
1763
1764
1766
1767
1768
1770
1771
1772
1775
1776
1778
1781
1782
1786
1787
1788
1789
1790
1791
1793
1795
1796
1797
1800
1803
1804
1806
1807
1810
1811
1813
1814
1816
1817
1820
1824
1825
1827
1832
1833
1835
1836
1837
1844
1852
1853
1854
1857
1858
1859
1861
1863
1866
1867
1868
1870
1873
1874
1875
1878
1879
1881
1882
1883
1885
1886
1888
1889
1890
1891
1892
1893
1895
1897
1901
1904
1905
1906
1910
1913
1914
1918
1919
1923
1927
1929
1933
1934
1936
1937
1941
1943
1944
1945
1946
1947
1949
1950
1952
1954
1957
1958
1963
1964
1965
1969
1971
1974
1975
1976
1977
1978
1979
1980
1981
1983
1984
1985
1986
1988
1990
1992
1994
2000
2006
2011
2013
2014
2018
2019
2020
2021
2022
2024
2025
2026
2029
2030
2031
2035
2038
2043
2044
2045
2047
2051
2055
2059
2062
2067
2068
2070
2071
2079
2080
2082
2083
2086
2087
2088
2089
2091
2092
2094
2097
2098
2100
2101
2102
2104
2106
2111
2121
2130
2131
2133
2134
2136
2137
2139
2143
2146
2150
2151
2154
2172
2176
2179
2183
2184
2192
2200
2203
2204
2206
2210
2214
2220
2222
2226
2236
2242
2247
2252
2264
2265
2271
2277
2281
2289
2298
2300
2301
2309
2312
2341
2342
2343
2346
2347
2350
2352
2358
2362
2363
2364
2366
2369
2370
2372
2374
2375
2379
2380
2381
2383
2392
2395
2398
2402
2407
2415
2416
2419
2424
2425
2426
2428
2429
2430
2432
2435
2436
2437
2439
2440
2442
2443
2444
2446
2448
2449
2453
2454
2455
2459
2463
2467
2468
2469
2470
2471
2472
2473
2474
2475
2478
2479
2481
2486
2487
2491
2493
2498
2500
2521
2523
2524
2526
2531
2533
2535
2537
2541
2542
2543
2544
2546
2548
2552
2554
2556
2558
2559
2562
2572
2573
2574
2575
2576
2579
2580
2582
2586
2587
2591
2595
2600
2601
2605
2606
2607
2608
2610
2612
2614
2616
2617
2618
2619
2621
2624
2627
2628
2629
2630
2632
2633
2637
2638
2639
2640
2641
2643
2645
2652
2653
2654
2655
2656
2657
2658
2659
2660
2661
2662
2663
2664
2665
2667
2668
2669
2671
2672
2673
2676
2677
2681
2691
2698
2699
2702
2704
2708
2711
2716
2723
2734
2735
2736
2737
2738
2739
2741
2742
2744
2745
2746
2747
2749
2765
2771
2775
2783
2784
2785
2786
2787
2788
2790
2794
2797
2799
2801
2803
2815
2818
2820
2821
2823
2824
2834
2835
2836
2837
2838
2839
2840
2842
2843
2844
2847
2850
2853
2855
2861
2864
2871
2893
2894
2898
2901
2902
2906
2913
2916
2919
2921
2923
2924
2927
2931
2936
2938
2939
2940
2941
2944
2956
2959
2961
2962
2963
2966
2970
2973
2976
2977
2978
2982
2983
2984
2987
2988
2990
3011
3019
3025
3026
3027
3028
3029
3030
3032
3034
3040
3043
3046
3053
3057
3063
3067
3071
3074
3075
3078
3080
3081
3082
3084
3087
3094
3097
3098
3104
3105
3106
3109
3110
3112
3119
3124
3127
3129
3132
3164
3171
3173
3176
3183
3184
3186
3187
3191
3193
3196
3197
3198
3200
3201
3205
3206
3213
3227
3230
3236
3237
3238
3239
3240
3244
3248
3249
3252
3253
3258
3259
3260
3264
3266
3272
3279
3280
3281
3285
3288
3289
3299
3300
3301
3302
3304
3307
3308
3310
3313
3314
3317
3318
3319
3320
3322
3324
3327
3328
3332
3333
3341
3354
3355
3357
3364
3367
3371
3373
3375
3378
3391
3393
3397
3398
3399
3400
3404
3405
3411
3413
3416
3417
3420
3425
3427
3430
3431
3432
3433
3434
3442
3444
3445
3455
3456
3460
3464
3466
3469
3470
3475
3476
3478
3481
3488
3489
3490
3491
3497
3500
3501
3502
3503
3505
3509
3528
3542
3543
3544
3545
3548
3549
3551
3557
3558
3562
3563
3568
3570
3575
3576
3583
3584
3588
3598
3603
3612
3613
3616
3617
3620
3621
3627
3628
3637
3646
3648
3667
3670
3673
3674
3676
3681
3685
3686
3691
3692
3693
3694
3700
3703
3705
3707
3712
3714
3717
3718
3719
3729
3730
3732
3737
3739
3740
3741
3743
3744
3745
3747
3748
3749
3753
3754
3760
3763
3765
3767
3768
3769
3774
3777
3780
3788
3792
3797
3817
3827
3832
3858
3859
3863
3865
3870
3871
3884
3886
3888
3892
3893
3901
3902
3920
3921
3927
3928
3940
3945
3946
3947
3948
3949
3966
3988
3997
4003
4022
4024
4025
4027
4029
4036
4037
4044
4051
4058
4069
4074
4079
4087
4092
4096
4099
4103
4104
4105
4107
4108
4115
4118
4123
4125
4126
4129
4130
4136
4155
4156
4165
4166
4168
4170
4171
4174
4177
4179
4180
4188
4189
4196
4208
4211
4218
4223
4225
4226
4228
4230
4251
4252
4255
4260
4262
4271
4291
4308
4311
4313
4316
4346
4348
4350
4359
4365
4369
4375
4384
4385
4428
4432
4434
4435
4436
4437
4440
4442
4444
4459
4460
4474
4487
4488
4489
4491
4495
4496
4497
4498
4499
4502
4504
4532
4541
4543
4550
4557
4558
4560
4562
4563
4564
4565
4566
4567
4572
4586
4608
4616
4617
4618
4619
4620
4625
4626
4627
4628
4629
4630
4631
4632
4633
4669
4670
4675
4680
4691
4693
4696
4704
4706
4707
4709
4710
4713
4716
4732
4736
4742
4750
4773
4774
4779
4781
4784
4790
4793
4800
4802
4810
4811
4814
4817
4818
4820
4821
4822
4823
4828
4830
4831
4833
4834
4837
4850
4865
4880
4883
4887
4898
4912
4917
4918
4920
4922
4923
4934
4936
4971
4980
4983
4984
4988
4994
5000
5027
5032
5036
5041
5045
5048
5067
5071
5074
5076
5079
5089
5099
5100
5125
5126
5140
5149
5150
5153
5157
5168
5169
5172
5175
5186
5197
5202
5217
5227
5228
5235
5236
5237
5247
5249
5254
5255
5260
5266
5267
5297
5299
5306
5308
5310
5313
5358
5375
5382
5391
5414
5416
5423
5425
5427
5429
5437
5439
5441
5452
5453
5459
5464
5485
5487
5536
5547
5549
5574
5600
5605
5614
5615
5630
5631
5632
5636
5638
5639
5660
5666
5667
5674
5675
5676
5678
5679
5688
5698
5745
5746
5749
5754
5767
5782
5785
5787
5789
5790
5791
5833
5844
5847
5879
5890
5913
5925
5926
5928
5929
5934
5947
5948
5950
5960
5961
5962
5966
5969
5988
6006
6012
6014
6016
6032
6046
6048
6052
6056
6065
6077
6098
6120
6121
6128
6132
6137
6140
6146
6150
6151
6159
6182
6187
6189
6191
6194
6196
6202
6203
6204
6205
6217
6226
6229
6231
6232
6241
6245
6249
6257
6282
6287
6288
6289
6293
6294
6297
6298
6308
6350
6373
6374
6375
6376
6377
6378
6379
6380
6381
6382
6383
6384
6385
6386
6387
6389
6390
6391
6392
6397
6409
6410
6426
6428
6429
6439
6448
6452
6453
6463
6505
6542
6543
6562
6563
6581
6594
6600
6602
6618
6619
6621
6622
6626
6631
6678
6696
6697
6708
6714
6724
6728
6730
6733
6739
6742
6756
6759
6765
6769
6772
6773
6776
6789
6790
6824
6836
6837
6865
6885
6886
6887
6901
6906
6910
6923
6930
6945
6961
7008
7047
7054
7056
7078
7079
7080
7081
7091
7122
7147
7152
7157
7170
7187
7194
7241
7243
7260
7289
7324
7328
7331
7340
7352
7390
7408
7414
7419
7426
7442
7449
7502
7525
7533
7639
7650
7655
7660
7661
7665
7678
7707
7708
7723
7743
7759
7781
7822
7831
7832
7835
7874
7876
7877
7878
7881
7900
7935
7945
7994
8027
8042
8047
8068
8071
8072
8073
8074
8075
8076
8108
8109
8155
8192
8242
8264
8274
8281
8282
8283
8284
8285
8286
8292
8308
8309
8310
8311
8312
8347
8350
8364
8366
8367
8368
8370
8371
8388
8390
8422
8459
8464
8504
8589
8592
8649
8656
8659
8676
8705
8707
8710
8713
8718
8728
8790
8802
8830
8832
8853
8854
8866
8884
8927
8945
8951
8991
8995
9045
9079
9082
9087
9122
9128
9187
9208
9233
9261
9262
9344
9363
9364
9452
9485
9567
9629
9652
9665
9666
9667
9668
9669
9672
9677
9678
9679
9680
9681
9684
9685
9699
9716
9734
9735
9736
9737
9761
9796
9823
9844
9888
9900
9902
9927
9928
9932
9955
9960
10016
10038
10041
10069
10080
10108
10185
10214
10318
10392
10407
10418
10429
10449
10461
10462
10522
10526
10527
10528
10529
10530
10535
10608
10613
10615
10617
10621
10625
10640
10677
10685
10717
10797
10871
10897
10900
10901
10956
10969
10989
10993
11018
11030
11055
11084
11087
11139
11177
11217
11229
11230
11232
11236
11237
11294
11303
11379
11393
11412
11463
11550
11574
11575
11598
11718
11794
11796
11852
11859
11936
11962
11979
11999
12002
12005
12019
12020
12046
12129
12164
12168
12311
12356
12364
12384
12385
12386
12406
12491
12545
12585
12680
12724
12795
12820
13038
13039
13040
13041
13042
13043
13044
13045
13046
13053
13182
13292
13351
13416
13419
13468
13516
13558
13645
13713
13735
13846
13854
13935
13947
13981
13982
14071
14092
14185
14200
14441
14443
14444
14511
14631
14634
14685
14686
14692
14699
14750
14801
14840
14986
14987
15075
15076
15077
15078
15079
15080
15081
15213
15218
15347
15370
15529
15778
15927
16206
16760
17424
17630
17653
17753
17754
17792
17793
17794
17795
17796
17797
17798
17799
17800
17935
17936
17937
17938
17939
17940
17941
18121
18122
18123
18124
18125
18126
18127
18205
18206
18434
18435
18558
18559
18575
